
state={
	id=11
	name="STATE_11"
	state_category = rural
	provinces={
		10 11 25 148 163 190 223 244 258 311 327 335 376 406 417 432 435 496 506 586 595 600 643 658 709 725 749 777 779 793 825 831 842 848 863 873 881 882 886 894 897 912 917 932 1042 1058 1075 1085 1097 1101 1118 1157 1167 1179 1187 1195 1210 1218 1299 1571 1576 1579 1582 1591 1593 1596 1598 1599 1600 1602 1603 1604 1605 1606 1607 1608 1609 1739 1740 1741 1742 1743 1744 1745 1746 1747 1748 1749 1750 1751 1752 
	}
	manpower=47340
	buildings_max_level_factor=1.000
	local_supplies=0.000
}
