state={
	id=27
	name="STATE_27"
	state_category = wasteland
	provinces={
		13 20 58 91 96 99 120 125 141 145 160 165 196 203 253 269 298 314 330 343 372 403 422 484 488 492 553 583 588 590 626 629 634 724 738 783 813 815 836 839 864 867 878 890 908 924 929 952 954 960 962 975 979 1069 1084 1091 1098 1142 1155 1196 1221 1242 1248 1253 1291 1318 1331 1333 1668 1671 1674 1683 1684 1687 1695 1699 1701 1702 1704 1705 1708 1713 1714 1753 1754 1866 1869 1876 1877 
	}
	manpower=8500
	buildings_max_level_factor=1.000
	local_supplies=0.000
}
